490870934362783774
1121088573832179713
1050871389281857635
566923760649633803
795378194936496129
1119161118707945503
812831411677429780
1091926527303749682
969513144487669801
339228307310772226
1147093163736047618
1183809690757517312
782452128152682527
1077632352181813418
1092763961130237962
1149035758779379745
1102543494515527730
1152782292289331323
1176025886718431325
1086271464862404682
771087250826067989
1144376550049980446
1059586386719674519
1145780550464962683
1170795248591589558
1166466434172457011
492764495995994112
333180335489679360
1171199842203222019
1180213916077392023
1001204875461414932
716775667831668756
1008697550884319252
718373916246147103
755816643464003655
1144769368069263504
1128153325766987888
503183806623383552
903461765067731039
955686653219975208
876002133315567636
1028088989816721449
619812330968186901
975755812288995418
1105610907876347955
635488234817847296
486204364625805322
1141169962124320819
1088368341875429376
690693277225189386
1102241498835202109
1137840718270976080
873249276036268042
902123060054884362
760607071632359445
366419029742714880
760833055631212564
537356674986409989
1143231419351564379
722494811042611346
1143735787356176494
348508573367533568
808053143551868928
1135521281656229949
1159252459764584579
984891063238000651
853304857616449536
749129991941390431
1168729019991212123
429464807754825728
1182732779256037386
697532074332127263
770941995614601226
756049304841486376
475037029747523584
979744943004332052
1168724380734455839
1174164768274251829
646503342943764500
1133950686170718400
1020022314961743904
1039941615944487044
774149742057619486
1185026737923440760
811284233212657756
532545667965386752
1037479004657176657
1119973322143305819
1119095535530418460
850081719876714578
1142651050705309757
1129553270864629842
482193674957094922
1064625464045490256
654003833726566400
197056577709146112
1138499625448374272
1199851290944086077
747998753767686286
439679139264331777
1076615436168339549
898311028176195666
782034351290318848
1166110762935259176
355350458623066112
984922867101737000
1178849034899824821
1076611581766541362
163393233383194624
372008477586882581
1177934278173134929
1183547109765550200
1141164883061252258
1018307229415383103
1153683952222081094
1083025262284906588
1119670779961942087
811269953696956477
1095969491495686195
986787132788047902
826379373963378722
926517768080203816
335101132093521924
803942589836689448
898182966876991568
505024742319718402
1120928494608728064
846457238423863407
845860712886566912
1155969596155772938
903774269350223962
827874619922448396
964521476025880656
557637353259270154
890010506000220202
955758265617240104
1031763473132167199
955717454858973216
1118508030351392868
853186549561688074
525210066094260252
338610061846904834
883055871029035060
494396534339796993
861782370302951424
698776981017198683
937194802091532368
1133064756371128330
920185430111055952
975342206544138270
254589382001033216
947908403345371166
1117028633370959924
929126730130661427
775635713889796166
795626710116073502
1142386260082708562
607919276485115916
1107326737316069401
812337136060989462
1105532969478799360
369492853895725068
1126142909209661440
912846322846019645
451625153265139712
196335757021937665
998941907487039508
929211331532423209
934951475216547941
793744559720890428
1111107110000930887
659477225011281930
1138083028950859776
970794004616728576
919253204577968230
994351016126459995
1035765185656401972
472764187274117121
782865122585477151
1096852826916917278
1124825296097517659
1163522695175098522
842452227607756801
330262520872828939
994677289486929931
1142387846414618674
263415210000384000
949070034297294848
1075791917566132224
1147272772448440360
705199639036690452
1136101538620784641
353626636270305280
944046562143764511
696593994381131806
954501391940980776
1159829439157383178
316038731075158017
537580843061870592
869690607755489331
854904475041660948
836785867561369692
1005464698797436988
1091856389426659489
598101565181788161
1170550035080040518
1043552833250787398
414808321250557973
1037164842102042715
435794398685691913
606787892664205313
694534933317812309
1166703542468358234
1166746353540546705
1183542774038012044
690916431273001001
1141208148049408092
1110214354676220047
885837447395704874
913504030565748807
886915436229296138
1095127276099752078
1064583913248391199
1002542117484253286
1194349978710200401
846284140403097611
328106563979968514
902977588367097876
762691349513764885
1177022045079482441
358754390200418314
1162712017459744858
657251631770894372
323126317061111821
617392209922359329
896904240021241929
737789938136907791
1024426297528696865
1059398838516981840
1094439107444359198
976035004339593238
975037773797007411
920157441310728253
973404067835564052
1180998685677604896
1133652640274858125
1164977608002383914
1200883416476954809