761296315572420648
978207865003184148
1021624732409413652
846569712720805928
855131036488957995
1105630466117206056
129327414961635328
895149214022135858
1052767107777040455
1194215825108901919
835668655542108173
515983119887630337
951984061738545192
1089204843261988918
1010551235985801236
1121043534934446211
717126785111687208
1200822963759485030
1202700267154309200
1193975829185708133
1200785456523120706
1114766962669658143
1195439307431874583
767703241638412309
733727864247156854
690583074819538954
975381004342657044
1040643713979920456
1201707093862916168
1194385436416684085
905903109182742639
1100198691178020956
1175865006420672533
1042855223951110264
686265792823951568
302895431065534466
881045624970149928
1192215007186915373
984464080855244841
1064324902137630721
235905766261915649
1200376341980258374
1190020065077248076
860256169460629546
1153695203253821470
717408738201305219
943991562805866527
1200823845783871528
975081356092670023
1002318153658945637
870895816661942344
553790758587465731
1190446855914520718
1084525576703971389
1200870814686400664
1186475923713826839
1202701323699490846
1197302359672504442
1002419211315986503
963885300818509834
857233370769653781
705140657848844346
1148134852957327370
1022086228226625606
978077223171031121
363513968246915072
756263790110048328
705912303966748772
1048882088214016000
880247692817735720
1199937045393580103
1121219694087639090
846988788822966272
1137510962216308756
1202704843341561886
1176286651799044127
1164730118627917978
1114352898625785966
1170770764866261095
704538269395714109
1164707426184990720
818717815112335360
1175144593377992774
1171276415254134825
1107349004750180403
1011419569069490326
1126240390941511730
1194634859021357127
1043310867225256056
1003020774199795722
1179180474703294474
863994457162121246
1106461460168720434
848143674877280276
1150150327622971533
997362249440165998
1028684083552845897
1099838059341680760
981615986052587600
684145479461765241
698086668237799424
1195439963634925678
1138972279506747462
1202498006474039358
1140277318821085295
1169095939974250539
1012554473123627018
1173287459044474880
1191324736114917407
1187480079673069671
907696665794842654
1113843379445452820
984513158251155477
1067689033758675055
1135954771036082186
1002674425272995962
1181161807814074401
767501412904206376
985319756213153883
1147253218888388708
795429141012545537
1048270995233972375
1090723852323135501
252983075737305089
944560184917905428
978381140396228628
1048154159863566376
1147567950384087211
1053679520894423111
1084957102679793744
250810731459510272
945373085769560084
1159829439157383178
1202703914521075712
766060385601323060
938905496189030460
955091681521328188
572117588264484867
1019089305341280256
1082749431289495642
967647796360536074
1159228210895142952
1016075760202694796
1081945539899293806
1008170364251144213
1200873599851053307
528216783820161057
1200874391815344189
714791653684150354
1200884501480472616
838801871463776337
698298407122370610
787766736170385409
1166145081754001408
1190113772518527026
712548838933528608
938493258085056574
760224369669832784
1200889955765977122
1035765185656401972
1200883416476954809
1051592517017149480
1171971872016052284
760188062394220554
812828969211527208
689110125348389025
1160210344216637450
290332086081159168
1201958597601542184
1133809224300892230
1069005554275594361
852912263160791060
945253331813683201
811733124862050316
1200783998549504032
256407215005499393
1079440174213242892
1115346701843177574
1180540006180327485
975576485006045215
529225210445037578
826075976546517036
975104483350687774
1185250418905849937